and
0001 0010 0011 0100
0000 0000 0000 1111
0000 0000 0000 0100 = 0x0004

or
0001 0010 0011 0100
0000 0000 0000 1111
0001 0010 0011 1111 = 0x123f

nor
0001 0010 0011 0100
0000 0000 0000 1111
1110 1101 1100 0000 = 0xedc0

xor
0001 0010 0011 0100
0000 0000 0000 1111
0001 0010 0011 1011 = 0x123b

--------------------------------

and
0001 0010 0011 0100
1111 0000 1111 0000
0001 0000 0011 0000 = 0x1030

or
0001 0010 0011 0100
1111 0000 1111 0000
1111 0010 1111 0100 = 0xf2f4

nor
0001 0010 0011 0100
1111 0000 1111 0000
0000 1101 0000 1011 = 0x0d0b

xor
0001 0010 0011 0100
1111 0000 1111 0000
1110 0010 1100 0100 = 0xe2c4

--------------------------------

and
0101 1100 0001 1011
1010 0011 1110 0100
0000 0000 0000 0000 = 0x0000

or
0101 1100 0001 1011
1010 0011 1110 0100
1111 1111 1111 1111 = 0xffff

nor
0101 1100 0001 1011
1010 0011 1110 0100
0000 0000 0000 0000 = 0x0000

xor
0101 1100 0001 1011
1010 0011 1110 0100
1111 1111 1111 1111 = 0xffff

